# Go_json_parsing_search_sort

install
$ go get github.com/lithammer/fuzzysearch/fuzzy
exe:
$ go run main.go


Sorted by timestamp:
{Person16 Jones 2022-05-11 13:38:19}
{Person15 Miller 2022-05-31 01:33:19}
{Person4 Jones 2022-06-23 02:53:21}
{Person1 Johnson 2022-06-23 19:53:31}
{Person9 Williams 2022-09-07 20:10:15}
{Person18 Smith 2022-09-17 01:44:11}
{Person6 Smith 2022-09-23 20:27:19}
{Person12 Johnson 2022-10-28 17:27:19}
{Person3 Johnson 2022-10-29 18:37:54}
{Person20 Johnson 2022-10-29 22:08:46}
{Person10 Williams 2022-11-14 08:57:46}
{Person17 Jones 2022-11-28 08:50:54}
{Person14 Brown 2023-01-07 16:49:42}
{Person11 Brown 2023-02-04 21:07:55}
{Person19 Smith 2023-03-08 23:34:58}
{Person13 Jones 2023-03-18 03:07:35}
{Person5 Jones 2023-03-25 12:13:10}
{Person7 Williams 2023-04-15 02:38:15}
{Person2 Smith 2023-04-15 03:31:46}
{Person8 Brown 2023-04-15 10:20:07}
Sorted by name:
{Person1 Johnson 2022-06-23 19:53:31}
{Person10 Williams 2022-11-14 08:57:46}
{Person11 Brown 2023-02-04 21:07:55}
{Person12 Johnson 2022-10-28 17:27:19}
{Person13 Jones 2023-03-18 03:07:35}
{Person14 Brown 2023-01-07 16:49:42}
{Person15 Miller 2022-05-31 01:33:19}
{Person16 Jones 2022-05-11 13:38:19}
{Person17 Jones 2022-11-28 08:50:54}
{Person18 Smith 2022-09-17 01:44:11}
{Person19 Smith 2023-03-08 23:34:58}
{Person2 Smith 2023-04-15 03:31:46}
{Person20 Johnson 2022-10-29 22:08:46}
{Person3 Johnson 2022-10-29 18:37:54}
{Person4 Jones 2022-06-23 02:53:21}
{Person5 Jones 2023-03-25 12:13:10}
{Person6 Smith 2022-09-23 20:27:19}
{Person7 Williams 2023-04-15 02:38:15}
{Person8 Brown 2023-04-15 10:20:07}
{Person9 Williams 2022-09-07 20:10:15}
Enter name to search for: person12
{Person12 Johnson 2022-10-28 17:27:19}
morali@B6072 newgosend % go run main.go
Sorted by timestamp:
{Person9 Jones 2022-05-06 04:35:55}
{Person13 Miller 2022-07-04 16:12:14}
{Person20 Brown 2022-07-11 12:20:14}
{Person3 Miller 2022-08-04 03:19:16}
{Person14 Miller 2022-08-23 21:56:45}
{Person16 Williams 2022-08-30 06:52:36}
{Person5 Jones 2022-08-31 05:27:53}
{Person15 Williams 2022-09-05 01:02:45}
{Person1 Smith 2022-10-13 06:13:37}
{Person8 Brown 2022-10-28 20:55:00}
{Person17 Smith 2022-10-30 15:25:44}
{Person4 Williams 2022-11-09 01:41:41}
{Person18 Miller 2022-12-08 01:56:41}
{Person2 Johnson 2022-12-20 11:36:22}
{Person12 Jones 2023-01-15 07:27:14}
{Person7 Jones 2023-02-14 13:32:50}
{Person6 Jones 2023-02-21 18:09:31}
{Person10 Jones 2023-03-08 01:13:42}
{Person19 Jones 2023-03-12 16:52:55}
{Person11 Williams 2023-04-13 13:19:22}
Sorted by name:
{Person20 Brown 2022-07-11 12:20:14}
{Person8 Brown 2022-10-28 20:55:00}
{Person2 Johnson 2022-12-20 11:36:22}
{Person12 Jones 2023-01-15 07:27:14}
{Person19 Jones 2023-03-12 16:52:55}
{Person5 Jones 2022-08-31 05:27:53}
{Person6 Jones 2023-02-21 18:09:31}
{Person7 Jones 2023-02-14 13:32:50}
{Person9 Jones 2022-05-06 04:35:55}
{Person10 Jones 2023-03-08 01:13:42}
{Person18 Miller 2022-12-08 01:56:41}
{Person3 Miller 2022-08-04 03:19:16}
{Person13 Miller 2022-07-04 16:12:14}
{Person14 Miller 2022-08-23 21:56:45}
{Person1 Smith 2022-10-13 06:13:37}
{Person17 Smith 2022-10-30 15:25:44}
{Person16 Williams 2022-08-30 06:52:36}
{Person15 Williams 2022-09-05 01:02:45}
{Person4 Williams 2022-11-09 01:41:41}
{Person11 Williams 2023-04-13 13:19:22}


Enter name to search for: Jones
{Person5 Jones 2022-08-31 05:27:53}
